4
110 75
0 154 587 634
154 0 533 214
587 533 0 945
634 214 645 0
3 11
2 5
6 15
1 2
30
NP 3 1 2 159
SP 3 2 1 588
EP 5 3 4 200 5
NP 12 4 3 387
SP 15 5 2 51
EP 19 6 1 433 2
NP 20 7 4 15
SP 23 8 3 488
EP 31 9 2 333 3
NP 35 10 1 143
SP 38 11 1 397
EP 40 12 2 450 4
NP 41 13 3 215
SP 42 14 4 500
EP 42 15 3 352 7
NP 44 16 1 147
SP 45 17 3 26
EP 72 18 4 400 1
NP 73 19 2 620
SP 73 20 1 140
EP 75 21 3 269 2
NP 81 22 1 245
SP 83 23 4 600
EP 85 24 1 100 6
NP 89 25 3 123
SP 91 26 4 531
EP 91 27 4 432 2
NP 93 28 2 148
SP 94 29 3 231
EP 95 30 1 533 5
5
15 1 2
22 4 3
32 7 4
41 10 1
71 13 3